final_path =

         0         0         0         0         0         0         0
    0.0272    0.0216    0.0223    0.0310    0.0259    0.0242    0.0244
    0.0385    0.0300    0.0321    0.0454    0.0383    0.0327    0.0343
    0.0380    0.0286    0.0326    0.0471    0.0406    0.0293    0.0335
    0.0292    0.0208    0.0270    0.0400    0.0362    0.0181    0.0254
    0.0163    0.0100    0.0187    0.0280    0.0283    0.0029    0.0137
    0.0029   -0.0002    0.0108    0.0151    0.0204   -0.0122    0.0022
   -0.0070   -0.0064    0.0067    0.0051    0.0158   -0.0234   -0.0057
   -0.0096   -0.0053    0.0096    0.0020    0.0178   -0.0268   -0.0063
   -0.0011    0.0068    0.0228    0.0096    0.0298   -0.0184    0.0042
    0.0224    0.0331    0.0495    0.0319    0.0552    0.0058    0.0292
    0.0648    0.0772    0.0929    0.0727    0.0973    0.0496    0.0724
    0.1299    0.1425    0.1565    0.1361    0.1595    0.1170    0.1374
    0.2216    0.2324    0.2433    0.2258    0.2451    0.2119    0.2280
    0.3437    0.3504    0.3567    0.3458    0.3575    0.3382    0.3476
    0.5000    0.5000    0.5000    0.5000    0.5000    0.5000    0.5000

